graph-ordering-10.cnf
Conflict at decision level 16
Added clause: -54 88 -33 -34 43 80 25 16 67 -64 -63 -68 -20 
Backtracking to level 15

graph-ordering-11.cnf
Conflict at decision level 19
Added clause: 86 76 66 35 25 15 5 -57 17 106 96 -51 -56 107 87 77 -54 -90 -68 78 
Backtracking to level 16

graph-ordering-12.cnf
Conflict at decision level 31
Added clause: -66 60 112 -46 115 -120 -52 -45 78 -47 69 56 
Backtracking to level 27

graph-ordering-13.cnf
Conflict at decision level 28
Added clause: -66 18 -68 8 1 -122 -121 133 38 50 74 93 -130 98 155 -147 -84 82 -116 -100 76 153 -149 148 27 -97 
Backtracking to level 24

graph-ordering-14.cnf
Conflict at decision level 18
Added clause: 119 -156 145 -22 -121 -122 73 -21 83 -17 103 -25 -99 93 139 148 161 -120 -20 -58 -64 -110 136 -63 -85 -19 
Backtracking to level 17

graph-ordering-15.cnf
Conflict at decision level 35
Added clause: 98 -197 141 70 -65 -64 -91 -90 43 29 -58 -57 -34 -68 -95 -12 
Backtracking to level 34

graph-ordering-16.cnf
Conflict at decision level 32
Added clause: -53 234 -33 -153 223 -57 -39 40 -41 131 214 -154 6 -36 220 -190 -54 
Backtracking to level 27

graph-ordering-17.cnf
Conflict at decision level 41
Added clause: 47 -59 204 -52 -54 123 137 -57 -49 -235 228 25 181 220 234 -63 
Backtracking to level 39

graph-ordering-18.cnf
Conflict at decision level 40
Added clause: 275 29 -25 292 -207 -38 4 -150 -242 87 -36 80 -70 -40 194 -246 
Backtracking to level 39

graph-ordering-19.cnf
Conflict at decision level 35
Added clause: 102 -278 -249 -279 -135 141 -136 -180 -298 7 -2 13 159 15 -196 195 61 87 80 -198 -138 -55 -306 
Backtracking to level 34

graph-ordering-2.cnf
Conflict at decision level 0
Added clause: -1 
Backtracking to level -1

graph-ordering-3.cnf
Conflict at decision level 1
Added clause: -2 
Backtracking to level 0

graph-ordering-4.cnf
Conflict at decision level 3
Added clause: -8 11 
Backtracking to level 1

graph-ordering-5.cnf
Conflict at decision level 6
Added clause: 14 5 -8 -1 
Backtracking to level 4

graph-ordering-6.cnf
Conflict at decision level 7
Added clause: 24 6 -8 -3 
Backtracking to level 6

graph-ordering-7.cnf
Conflict at decision level 8
Added clause: -7 -6 
Backtracking to level 7

graph-ordering-8.cnf
Conflict at decision level 10
Added clause: 17 -8 -49 -53 
Backtracking to level 8

graph-ordering-9.cnf
Conflict at decision level 15
Added clause: -36 3 -1 -32 
Backtracking to level 13

graph-ordering-alt-10.cnf
SAT
1 2 -3 4 -5 -6 -7 8 9 -10 -11 -12 -13 -14 -15 -16 17 18 -19 20 21 22 23 -24 -25 26 27 -28 29 30 31 -32 33 34 35 36 -37 -38 -39 -40 -41 -42 -43 -44 45 46 47 -48 -49 50 -51 52 53 54 -55 -56 -57 -58 59 -60 -61 62 63 -64 -65 -66 -67 68 -69 -70 -71 72 -73 -74 -75 -76 -77 -78 -79 -80 81 -82 -83 -84 -85 -86 -87 -88 -89 -90 

graph-ordering-alt-11.cnf
SAT
-1 2 3 4 -5 -6 -7 -8 -9 -10 11 12 13 14 15 -16 17 -18 -19 20 21 22 23 24 -25 26 27 28 29 30 -31 -32 -33 -34 -35 -36 -37 -38 -39 -40 -41 -42 -43 44 -45 -46 -47 -48 -49 -50 51 -52 -53 54 55 -56 57 -58 -59 60 61 62 63 64 65 66 67 -68 -69 70 71 -72 -73 74 75 -76 -77 -78 -79 80 81 82 83 84 85 86 87 88 89 90 91 92 93 94 95 96 97 98 -99 100 -101 -102 -103 -104 -105 -106 -107 -108 -109 -110 

graph-ordering-alt-12.cnf
SAT
-1 -2 3 -4 5 -6 7 -8 9 10 11 -12 -13 14 -15 -16 -17 18 19 20 -21 22 23 24 -25 26 27 28 29 -30 31 32 33 -34 -35 -36 -37 -38 -39 40 -41 -42 -43 44 45 46 47 48 49 50 51 52 53 54 55 -56 -57 -58 59 -60 -61 62 -63 64 -65 66 -67 68 -69 70 -71 -72 73 74 75 76 77 -78 -79 -80 -81 -82 -83 -84 -85 -86 -87 -88 -89 -90 -91 92 -93 -94 -95 96 97 -98 99 -100 -101 -102 -103 -104 -105 -106 -107 -108 -109 -110 -111 -112 -113 -114 -115 -116 -117 -118 -119 120 -121 -122 -123 -124 -125 -126 -127 -128 129 -130 -131 -132 

graph-ordering-alt-13.cnf
SAT
-1 2 -3 -4 -5 -6 7 -8 9 -10 -11 -12 -13 -14 -15 16 -17 -18 -19 20 21 22 23 24 -25 26 27 28 29 -30 31 -32 33 -34 35 -36 37 -38 -39 -40 -41 -42 43 -44 45 -46 -47 -48 -49 -50 -51 -52 -53 -54 -55 -56 -57 -58 -59 -60 61 62 63 64 65 66 67 68 69 70 71 72 -73 -74 -75 -76 77 -78 79 -80 81 -82 -83 84 -85 -86 -87 -88 -89 -90 -91 -92 -93 -94 -95 -96 97 -98 -99 100 101 -102 -103 104 105 -106 -107 108 -109 -110 -111 -112 -113 -114 -115 116 -117 -118 -119 -120 121 122 -123 -124 125 -126 127 128 -129 130 -131 132 -133 -134 -135 -136 -137 -138 -139 -140 -141 -142 -143 -144 -145 -146 -147 -148 149 -150 -151 152 -153 154 -155 -156 

graph-ordering-alt-14.cnf
SAT
-1 2 -3 -4 -5 -6 -7 -8 -9 -10 -11 -12 -13 -14 -15 -16 -17 -18 -19 20 21 22 23 24 25 26 -27 28 29 -30 -31 -32 -33 -34 -35 -36 -37 -38 -39 40 41 42 43 44 45 46 47 -48 49 50 51 52 53 54 55 -56 57 58 59 60 -61 62 63 64 65 66 67 -68 -69 -70 -71 -72 -73 -74 -75 -76 -77 78 79 80 81 -82 -83 84 85 86 -87 88 89 90 91 92 93 94 -95 -96 97 -98 99 -100 -101 -102 -103 104 105 106 -107 -108 -109 110 -111 -112 -113 -114 -115 -116 117 118 119 120 121 122 123 124 125 126 127 128 129 130 131 -132 133 -134 -135 -136 -137 -138 -139 -140 -141 -142 -143 144 145 146 -147 -148 149 -150 -151 -152 -153 -154 -155 156 157 158 159 -160 -161 162 -163 164 165 -166 167 -168 169 -170 -171 -172 -173 -174 -175 -176 -177 -178 -179 -180 -181 -182 

graph-ordering-alt-15.cnf
SAT
1 2 3 4 -5 6 7 8 9 10 -11 12 -13 14 -15 -16 -17 -18 -19 20 21 22 23 -24 25 26 27 28 -29 30 31 32 -33 34 35 36 37 38 39 40 -41 42 -43 44 -45 -46 -47 48 49 50 51 52 -53 54 -55 56 -57 -58 -59 -60 -61 -62 63 -64 65 66 -67 -68 -69 70 -71 72 -73 -74 -75 76 77 -78 79 80 -81 82 -83 84 -85 -86 -87 -88 -89 -90 91 -92 -93 -94 -95 -96 -97 -98 -99 -100 -101 -102 -103 -104 -105 -106 -107 -108 -109 -110 -111 -112 -113 114 -115 -116 -117 -118 119 120 121 122 -123 124 -125 126 -127 -128 -129 -130 -131 -132 -133 -134 -135 -136 -137 -138 -139 -140 -141 -142 -143 -144 -145 -146 -147 148 -149 150 -151 -152 -153 -154 -155 -156 -157 -158 159 -160 -161 162 -163 164 165 -166 -167 168 -169 170 -171 -172 -173 -174 175 176 -177 178 179 -180 -181 182 183 184 -185 186 187 188 189 190 191 192 193 -194 195 196 -197 -198 -199 200 201 202 203 204 205 206 -207 208 209 210 

graph-ordering-alt-16.cnf
SAT
-1 2 3 4 -5 -6 7 8 9 -10 -11 12 -13 14 -15 16 17 18 19 -20 21 22 23 24 -25 26 27 -28 29 30 31 -32 33 34 -35 36 37 38 39 -40 41 42 -43 44 45 -46 -47 -48 49 -50 -51 52 53 54 -55 -56 57 -58 59 -60 -61 -62 -63 -64 -65 -66 -67 -68 -69 -70 -71 -72 -73 -74 -75 -76 -77 -78 -79 -80 -81 -82 -83 84 -85 -86 87 -88 -89 -90 91 -92 -93 94 95 -96 97 98 99 -100 -101 102 -103 104 105 -106 -107 -108 -109 110 -111 -112 -113 -114 -115 -116 -117 -118 -119 -120 -121 -122 -123 -124 125 -126 -127 128 129 -130 -131 -132 -133 134 -135 -136 -137 -138 -139 -140 -141 -142 -143 -144 -145 -146 -147 -148 -149 -150 151 -152 153 154 155 -156 157 158 159 160 161 162 -163 164 165 -166 -167 -168 -169 170 -171 -172 -173 -174 -175 -176 -177 -178 -179 -180 -181 -182 -183 -184 -185 -186 -187 -188 -189 190 -191 -192 -193 -194 -195 -196 -197 -198 -199 200 201 202 -203 204 -205 206 -207 208 209 -210 211 212 213 214 215 216 217 -218 219 -220 221 222 223 224 225 226 227 228 229 230 231 232 233 -234 235 236 237 -238 239 240 

graph-ordering-alt-17.cnf
SAT
-1 2 -3 4 -5 -6 -7 -8 -9 -10 -11 -12 -13 -14 -15 -16 -17 18 -19 20 21 22 23 24 -25 26 27 28 29 30 -31 -32 -33 -34 -35 36 37 -38 -39 -40 -41 -42 -43 -44 -45 -46 -47 -48 49 50 51 52 53 54 55 56 57 58 -59 -60 -61 62 63 -64 -65 -66 -67 -68 -69 -70 -71 -72 -73 -74 -75 -76 -77 -78 -79 -80 -81 -82 -83 -84 -85 -86 -87 -88 -89 -90 -91 -92 -93 -94 -95 -96 -97 -98 -99 -100 -101 -102 -103 -104 105 -106 -107 -108 -109 -110 -111 -112 -113 -114 -115 -116 -117 118 -119 -120 121 -122 -123 -124 -125 -126 -127 -128 -129 -130 -131 -132 -133 -134 135 -136 137 -138 -139 -140 -141 -142 -143 -144 -145 -146 -147 -148 -149 -150 -151 -152 -153 -154 -155 -156 -157 -158 -159 -160 -161 162 163 -164 165 166 167 168 -169 170 -171 -172 -173 174 -175 -176 -177 -178 -179 -180 -181 -182 183 -184 185 186 -187 -188 -189 -190 -191 -192 193 -194 195 -196 197 198 199 -200 201 202 203 -204 -205 206 207 208 -209 210 211 212 213 -214 215 216 -217 218 219 220 221 222 223 224 225 226 -227 228 229 230 231 232 233 234 235 236 237 238 239 240 -241 -242 243 244 245 -246 -247 248 249 250 251 252 253 254 255 256 257 -258 259 260 -261 -262 -263 264 265 266 267 268 269 270 271 272 

graph-ordering-alt-18.cnf
SAT
-1 2 3 -4 -5 -6 7 8 -9 -10 -11 12 -13 14 15 -16 17 -18 -19 20 21 22 -23 -24 25 26 27 28 29 -30 31 32 -33 -34 -35 36 37 -38 -39 40 41 42 -43 44 -45 46 47 48 49 50 -51 -52 -53 -54 -55 -56 -57 -58 -59 -60 -61 -62 -63 -64 65 66 -67 -68 -69 70 -71 72 -73 74 75 76 -77 -78 -79 -80 -81 82 83 -84 -85 -86 -87 -88 -89 -90 91 -92 -93 -94 -95 96 -97 -98 99 100 -101 -102 -103 -104 -105 -106 -107 -108 -109 -110 -111 -112 -113 -114 -115 -116 -117 -118 -119 -120 -121 -122 123 -124 -125 -126 127 -128 -129 -130 -131 -132 133 134 -135 -136 -137 -138 -139 140 -141 -142 -143 -144 -145 -146 -147 -148 -149 150 151 -152 -153 154 155 -156 157 158 -159 160 161 162 163 164 165 166 167 168 169 170 -171 -172 -173 -174 -175 -176 177 -178 -179 -180 -181 182 183 -184 185 186 -187 -188 -189 -190 -191 -192 -193 -194 -195 -196 -197 -198 -199 200 201 -202 203 204 205 206 207 208 209 210 211 212 213 214 215 216 217 218 219 220 221 222 223 224 225 226 227 -228 229 230 231 232 233 -234 235 -236 237 238 239 240 241 242 243 244 245 246 247 248 249 250 251 252 -253 254 255 256 257 258 259 260 261 262 263 264 265 266 267 268 269 270 271 272 273 274 275 276 277 278 279 280 281 282 283 284 285 -286 287 288 289 290 291 292 293 294 295 296 297 -298 299 -300 -301 302 -303 304 305 -306 

graph-ordering-alt-19.cnf
SAT
-1 2 -3 -4 -5 -6 -7 -8 -9 -10 -11 -12 -13 -14 -15 -16 -17 -18 19 -20 21 22 23 24 -25 26 27 28 -29 30 31 32 33 34 35 -36 37 -38 39 40 41 -42 -43 -44 -45 -46 -47 -48 -49 50 -51 -52 -53 -54 55 -56 -57 58 59 -60 -61 -62 -63 -64 -65 -66 -67 68 -69 -70 -71 -72 -73 -74 -75 -76 -77 -78 -79 -80 -81 -82 -83 -84 -85 -86 -87 -88 -89 -90 -91 -92 -93 -94 -95 -96 -97 -98 -99 -100 -101 -102 -103 -104 -105 -106 -107 -108 109 -110 -111 112 113 114 -115 -116 117 118 -119 -120 121 122 -123 124 -125 126 127 -128 -129 130 131 132 -133 -134 -135 136 -137 138 139 140 141 142 143 -144 145 -146 -147 -148 149 150 -151 -152 153 -154 -155 -156 157 -158 -159 160 -161 162 163 -164 -165 -166 167 168 -169 -170 -171 -172 -173 -174 175 -176 -177 178 -179 180 181 -182 -183 -184 185 186 -187 -188 -189 -190 -191 -192 193 194 -195 196 -197 -198 199 200 201 202 203 204 205 206 -207 208 209 -210 211 -212 213 214 215 216 217 218 219 220 221 222 223 224 225 226 227 228 229 230 -231 -232 233 234 235 236 237 238 -239 240 241 242 243 244 245 246 247 248 249 -250 251 252 -253 254 255 256 -257 -258 259 260 261 262 263 264 265 266 267 268 269 270 271 272 273 -274 275 276 277 278 279 280 -281 282 283 284 285 286 287 288 -289 290 291 292 293 -294 295 296 297 298 299 -300 -301 -302 -303 -304 -305 -306 307 -308 -309 310 311 312 -313 -314 -315 -316 317 -318 -319 320 321 322 323 -324 325 -326 -327 -328 329 330 -331 -332 -333 -334 -335 -336 -337 338 -339 -340 341 -342 

graph-ordering-alt-2.cnf
SAT
1 2 

graph-ordering-alt-3.cnf
Conflict at decision level 2
Added clause: 6 
Backtracking to level 0

graph-ordering-alt-4.cnf
SAT
-1 2 3 -4 -5 -6 7 8 9 -10 -11 -12 

graph-ordering-alt-5.cnf
SAT
1 2 -3 4 -5 -6 -7 8 9 10 -11 12 -13 -14 -15 16 -17 -18 -19 20 

graph-ordering-alt-6.cnf
SAT
1 2 3 4 5 -6 7 8 9 10 -11 -12 -13 -14 15 -16 -17 18 -19 20 21 22 23 -24 -25 26 27 28 29 -30 

graph-ordering-alt-7.cnf
Conflict at decision level 12
Added clause: 26 28 
Backtracking to level 11

graph-ordering-alt-8.cnf
SAT
-1 2 -3 -4 -5 -6 -7 8 -9 -10 -11 -12 -13 -14 15 16 -17 18 -19 20 21 -22 23 24 25 26 27 28 -29 -30 -31 -32 -33 -34 -35 36 37 38 39 40 41 42 43 44 -45 46 47 -48 49 50 51 -52 53 54 -55 -56 

graph-ordering-alt-9.cnf
SAT
1 2 -3 -4 -5 6 -7 8 -9 -10 -11 -12 -13 14 -15 16 -17 -18 -19 20 21 22 23 -24 -25 26 27 28 -29 30 -31 32 33 34 35 36 37 38 -39 40 -41 -42 43 -44 -45 46 -47 48 -49 -50 -51 -52 -53 -54 -55 -56 57 58 -59 -60 -61 -62 63 64 -65 -66 -67 -68 -69 -70 71 -72 

order-principle-alt-10.cnf
SAT
1 2 -3 4 -5 -6 -7 8 9 -10 -11 -12 -13 -14 -15 -16 17 18 -19 20 21 22 23 -24 -25 26 27 -28 29 30 31 -32 33 34 35 36 -37 -38 -39 -40 -41 -42 -43 -44 45 46 47 -48 -49 50 -51 52 53 54 -55 -56 -57 -58 59 -60 -61 62 63 -64 -65 -66 -67 68 -69 -70 -71 72 -73 -74 -75 -76 -77 -78 -79 -80 81 -82 -83 -84 -85 -86 -87 -88 -89 -90 

order-principle-alt-11.cnf
SAT
-1 2 3 4 -5 -6 -7 -8 -9 -10 11 12 13 14 15 -16 17 -18 -19 20 21 22 23 24 -25 26 27 28 29 30 -31 -32 -33 -34 -35 -36 -37 -38 -39 -40 -41 -42 -43 44 -45 -46 -47 -48 -49 -50 51 -52 -53 54 55 -56 57 -58 -59 60 61 62 63 64 65 66 67 -68 -69 70 71 -72 -73 74 75 -76 -77 -78 -79 80 81 82 83 84 85 86 87 88 89 90 91 92 93 94 95 96 97 98 -99 100 -101 -102 -103 -104 -105 -106 -107 -108 -109 -110 

order-principle-alt-12.cnf
SAT
-1 -2 3 -4 5 -6 7 -8 9 10 11 -12 -13 14 -15 -16 -17 18 19 20 -21 22 23 24 -25 26 27 28 29 -30 31 32 33 -34 -35 -36 -37 -38 -39 40 -41 -42 -43 44 45 46 47 48 49 50 51 52 53 54 55 -56 -57 -58 59 -60 -61 62 -63 64 -65 66 -67 68 -69 70 -71 -72 73 74 75 76 77 -78 -79 -80 -81 -82 -83 -84 -85 -86 -87 -88 -89 -90 -91 92 -93 -94 -95 96 97 -98 99 -100 -101 -102 -103 -104 -105 -106 -107 -108 -109 -110 -111 -112 -113 -114 -115 -116 -117 -118 -119 120 -121 -122 -123 -124 -125 -126 -127 -128 129 -130 -131 -132 

order-principle-alt-13.cnf
SAT
-1 2 -3 -4 -5 -6 7 -8 9 -10 -11 -12 -13 -14 -15 16 -17 -18 -19 20 21 22 23 24 -25 26 27 28 29 -30 31 -32 33 -34 35 -36 37 -38 -39 -40 -41 -42 43 -44 45 -46 -47 -48 -49 -50 -51 -52 -53 -54 -55 -56 -57 -58 -59 -60 61 62 63 64 65 66 67 68 69 70 71 72 -73 -74 -75 -76 77 -78 79 -80 81 -82 -83 84 -85 -86 -87 -88 -89 -90 -91 -92 -93 -94 -95 -96 97 -98 -99 100 101 -102 -103 104 105 -106 -107 108 -109 -110 -111 -112 -113 -114 -115 116 -117 -118 -119 -120 121 122 -123 -124 125 -126 127 128 -129 130 -131 132 -133 -134 -135 -136 -137 -138 -139 -140 -141 -142 -143 -144 -145 -146 -147 -148 149 -150 -151 152 -153 154 -155 -156 

order-principle-alt-14.cnf
SAT
-1 2 -3 -4 -5 -6 -7 -8 -9 -10 -11 -12 -13 -14 -15 -16 -17 -18 -19 20 21 22 23 24 25 26 -27 28 29 -30 -31 -32 -33 -34 -35 -36 -37 -38 -39 40 41 42 43 44 45 46 47 -48 49 50 51 52 53 54 55 -56 57 58 59 60 -61 62 63 64 65 66 67 -68 -69 -70 -71 -72 -73 -74 -75 -76 -77 78 79 80 81 -82 -83 84 85 86 -87 88 89 90 91 92 93 94 -95 -96 97 -98 99 -100 -101 -102 -103 104 105 106 -107 -108 -109 110 -111 -112 -113 -114 -115 -116 117 118 119 120 121 122 123 124 125 126 127 128 129 130 131 -132 133 -134 -135 -136 -137 -138 -139 -140 -141 -142 -143 144 145 146 -147 -148 149 -150 -151 -152 -153 -154 -155 156 157 158 159 -160 -161 162 -163 164 165 -166 167 -168 169 -170 -171 -172 -173 -174 -175 -176 -177 -178 -179 -180 -181 -182 

order-principle-alt-15.cnf
SAT
1 2 3 4 -5 6 7 8 9 10 -11 12 -13 14 -15 -16 -17 -18 -19 20 21 22 23 -24 25 26 27 28 -29 30 31 32 -33 34 35 36 37 38 39 40 -41 42 -43 44 -45 -46 -47 48 49 50 51 52 -53 54 -55 56 -57 -58 -59 -60 -61 -62 63 -64 65 66 -67 -68 -69 70 -71 72 -73 -74 -75 76 77 -78 79 80 -81 82 -83 84 -85 -86 -87 -88 -89 -90 91 -92 -93 -94 -95 -96 -97 -98 -99 -100 -101 -102 -103 -104 -105 -106 -107 -108 -109 -110 -111 -112 -113 114 -115 -116 -117 -118 119 120 121 122 -123 124 -125 126 -127 -128 -129 -130 -131 -132 -133 -134 -135 -136 -137 -138 -139 -140 -141 -142 -143 -144 -145 -146 -147 148 -149 150 -151 -152 -153 -154 -155 -156 -157 -158 159 -160 -161 162 -163 164 165 -166 -167 168 -169 170 -171 -172 -173 -174 175 176 -177 178 179 -180 -181 182 183 184 -185 186 187 188 189 190 191 192 193 -194 195 196 -197 -198 -199 200 201 202 203 204 205 206 -207 208 209 210 

order-principle-alt-16.cnf
SAT
-1 2 3 4 -5 -6 7 8 9 -10 -11 12 -13 14 -15 16 17 18 19 -20 21 22 23 24 -25 26 27 -28 29 30 31 -32 33 34 -35 36 37 38 39 -40 41 42 -43 44 45 -46 -47 -48 49 -50 -51 52 53 54 -55 -56 57 -58 59 -60 -61 -62 -63 -64 -65 -66 -67 -68 -69 -70 -71 -72 -73 -74 -75 -76 -77 -78 -79 -80 -81 -82 -83 84 -85 -86 87 -88 -89 -90 91 -92 -93 94 95 -96 97 98 99 -100 -101 102 -103 104 105 -106 -107 -108 -109 110 -111 -112 -113 -114 -115 -116 -117 -118 -119 -120 -121 -122 -123 -124 125 -126 -127 128 129 -130 -131 -132 -133 134 -135 -136 -137 -138 -139 -140 -141 -142 -143 -144 -145 -146 -147 -148 -149 -150 151 -152 153 154 155 -156 157 158 159 160 161 162 -163 164 165 -166 -167 -168 -169 170 -171 -172 -173 -174 -175 -176 -177 -178 -179 -180 -181 -182 -183 -184 -185 -186 -187 -188 -189 190 -191 -192 -193 -194 -195 -196 -197 -198 -199 200 201 202 -203 204 -205 206 -207 208 209 -210 211 212 213 214 215 216 217 -218 219 -220 221 222 223 224 225 226 227 228 229 230 231 232 233 -234 235 236 237 -238 239 240 

order-principle-alt-17.cnf
SAT
-1 2 -3 4 -5 -6 -7 -8 -9 -10 -11 -12 -13 -14 -15 -16 -17 18 -19 20 21 22 23 24 -25 26 27 28 29 30 -31 -32 -33 -34 -35 36 37 -38 -39 -40 -41 -42 -43 -44 -45 -46 -47 -48 49 50 51 52 53 54 55 56 57 58 -59 -60 -61 62 63 -64 -65 -66 -67 -68 -69 -70 -71 -72 -73 -74 -75 -76 -77 -78 -79 -80 -81 -82 -83 -84 -85 -86 -87 -88 -89 -90 -91 -92 -93 -94 -95 -96 -97 -98 -99 -100 -101 -102 -103 -104 105 -106 -107 -108 -109 -110 -111 -112 -113 -114 -115 -116 -117 118 -119 -120 121 -122 -123 -124 -125 -126 -127 -128 -129 -130 -131 -132 -133 -134 135 -136 137 -138 -139 -140 -141 -142 -143 -144 -145 -146 -147 -148 -149 -150 -151 -152 -153 -154 -155 -156 -157 -158 -159 -160 -161 162 163 -164 165 166 167 168 -169 170 -171 -172 -173 174 -175 -176 -177 -178 -179 -180 -181 -182 183 -184 185 186 -187 -188 -189 -190 -191 -192 193 -194 195 -196 197 198 199 -200 201 202 203 -204 -205 206 207 208 -209 210 211 212 213 -214 215 216 -217 218 219 220 221 222 223 224 225 226 -227 228 229 230 231 232 233 234 235 236 237 238 239 240 -241 -242 243 244 245 -246 -247 248 249 250 251 252 253 254 255 256 257 -258 259 260 -261 -262 -263 264 265 266 267 268 269 270 271 272 

order-principle-alt-18.cnf
SAT
-1 2 3 -4 -5 -6 7 8 -9 -10 -11 12 -13 14 15 -16 17 -18 -19 20 21 22 -23 -24 25 26 27 28 29 -30 31 32 -33 -34 -35 36 37 -38 -39 40 41 42 -43 44 -45 46 47 48 49 50 -51 -52 -53 -54 -55 -56 -57 -58 -59 -60 -61 -62 -63 -64 65 66 -67 -68 -69 70 -71 72 -73 74 75 76 -77 -78 -79 -80 -81 82 83 -84 -85 -86 -87 -88 -89 -90 91 -92 -93 -94 -95 96 -97 -98 99 100 -101 -102 -103 -104 -105 -106 -107 -108 -109 -110 -111 -112 -113 -114 -115 -116 -117 -118 -119 -120 -121 -122 123 -124 -125 -126 127 -128 -129 -130 -131 -132 133 134 -135 -136 -137 -138 -139 140 -141 -142 -143 -144 -145 -146 -147 -148 -149 150 151 -152 -153 154 155 -156 157 158 -159 160 161 162 163 164 165 166 167 168 169 170 -171 -172 -173 -174 -175 -176 177 -178 -179 -180 -181 182 183 -184 185 186 -187 -188 -189 -190 -191 -192 -193 -194 -195 -196 -197 -198 -199 200 201 -202 203 204 205 206 207 208 209 210 211 212 213 214 215 216 217 218 219 220 221 222 223 224 225 226 227 -228 229 230 231 232 233 -234 235 -236 237 238 239 240 241 242 243 244 245 246 247 248 249 250 251 252 -253 254 255 256 257 258 259 260 261 262 263 264 265 266 267 268 269 270 271 272 273 274 275 276 277 278 279 280 281 282 283 284 285 -286 287 288 289 290 291 292 293 294 295 296 297 -298 299 -300 -301 302 -303 304 305 -306 

order-principle-alt-19.cnf
SAT
-1 2 -3 -4 -5 -6 -7 -8 -9 -10 -11 -12 -13 -14 -15 -16 -17 -18 19 -20 21 22 23 24 -25 26 27 28 -29 30 31 32 33 34 35 -36 37 -38 39 40 41 -42 -43 -44 -45 -46 -47 -48 -49 50 -51 -52 -53 -54 55 -56 -57 58 59 -60 -61 -62 -63 -64 -65 -66 -67 68 -69 -70 -71 -72 -73 -74 -75 -76 -77 -78 -79 -80 -81 -82 -83 -84 -85 -86 -87 -88 -89 -90 -91 -92 -93 -94 -95 -96 -97 -98 -99 -100 -101 -102 -103 -104 -105 -106 -107 -108 109 -110 -111 112 113 114 -115 -116 117 118 -119 -120 121 122 -123 124 -125 126 127 -128 -129 130 131 132 -133 -134 -135 136 -137 138 139 140 141 142 143 -144 145 -146 -147 -148 149 150 -151 -152 153 -154 -155 -156 157 -158 -159 160 -161 162 163 -164 -165 -166 167 168 -169 -170 -171 -172 -173 -174 175 -176 -177 178 -179 180 181 -182 -183 -184 185 186 -187 -188 -189 -190 -191 -192 193 194 -195 196 -197 -198 199 200 201 202 203 204 205 206 -207 208 209 -210 211 -212 213 214 215 216 217 218 219 220 221 222 223 224 225 226 227 228 229 230 -231 -232 233 234 235 236 237 238 -239 240 241 242 243 244 245 246 247 248 249 -250 251 252 -253 254 255 256 -257 -258 259 260 261 262 263 264 265 266 267 268 269 270 271 272 273 -274 275 276 277 278 279 280 -281 282 283 284 285 286 287 288 -289 290 291 292 293 -294 295 296 297 298 299 -300 -301 -302 -303 -304 -305 -306 307 -308 -309 310 311 312 -313 -314 -315 -316 317 -318 -319 320 321 322 323 -324 325 -326 -327 -328 329 330 -331 -332 -333 -334 -335 -336 -337 338 -339 -340 341 -342 

order-principle-alt-2.cnf
SAT
1 2 

order-principle-alt-3.cnf
Conflict at decision level 2
Added clause: 6 
Backtracking to level 0

order-principle-alt-4.cnf
SAT
-1 2 3 -4 -5 -6 7 8 9 -10 -11 -12 

order-principle-alt-5.cnf
SAT
1 2 -3 4 -5 -6 -7 8 9 10 -11 12 -13 -14 -15 16 -17 -18 -19 20 

order-principle-alt-6.cnf
SAT
1 2 3 4 5 -6 7 8 9 10 -11 -12 -13 -14 15 -16 -17 18 -19 20 21 22 23 -24 -25 26 27 28 29 -30 

order-principle-alt-7.cnf
Conflict at decision level 12
Added clause: 26 28 
Backtracking to level 11

order-principle-alt-8.cnf
SAT
-1 2 -3 -4 -5 -6 -7 8 -9 -10 -11 -12 -13 -14 15 16 -17 18 -19 20 21 -22 23 24 25 26 27 28 -29 -30 -31 -32 -33 -34 -35 36 37 38 39 40 41 42 43 44 -45 46 47 -48 49 50 51 -52 53 54 -55 -56 

order-principle-alt-9.cnf
SAT
1 2 -3 -4 -5 6 -7 8 -9 -10 -11 -12 -13 14 -15 16 -17 -18 -19 20 21 22 23 -24 -25 26 27 28 -29 30 -31 32 33 34 35 36 37 38 -39 40 -41 -42 43 -44 -45 46 -47 48 -49 -50 -51 -52 -53 -54 -55 -56 57 58 -59 -60 -61 -62 63 64 -65 -66 -67 -68 -69 -70 71 -72 

total-order-10.cnf
Conflict at decision level 16
Added clause: -33 -65 -34 -66 -71 -68 -63 -64 16 25 80 
Backtracking to level 15

total-order-11.cnf
Conflict at decision level 17
Added clause: 86 76 66 35 25 15 5 106 96 -70 -56 -68 -67 -54 -57 -72 -51 
Backtracking to level 16

total-order-12.cnf
Conflict at decision level 25
Added clause: 57 117 112 123 115 65 104 86 35 -19 -89 
Backtracking to level 24

total-order-13.cnf
Conflict at decision level 16
Added clause: -16 -32 -100 -35 -147 -13 -134 122 135 110 95 74 62 
Backtracking to level 15

total-order-14.cnf
Conflict at decision level 17
Added clause: -22 -130 -121 -122 -110 -21 -58 -17 -25 -164 -20 -99 -114 -63 -64 -120 73 106 54 158 103 93 139 
Backtracking to level 16

total-order-15.cnf
Conflict at decision level 24
Added clause: 157 98 199 161 87 115 140 56 207 10 70 81 -154 -197 -38 -95 -34 -203 -42 -65 -201 -60 
Backtracking to level 23

total-order-16.cnf
Conflict at decision level 24
Added clause: 25 92 145 220 228 1 123 55 205 -91 -21 -41 -174 -153 -33 -152 -24 -180 
Backtracking to level 23

total-order-17.cnf
Conflict at decision level 27
Added clause: -50 -23 -24 -57 -49 -26 -51 -46 -59 -29 -136 -137 -242 -53 -259 -64 -28 -52 -54 -140 -141 169 10 258 260 19 194 114 162 35 227 210 80 
Backtracking to level 26

total-order-18.cnf
Conflict at decision level 34
Added clause: 298 12 44 95 56 80 122 283 139 156 234 88 241 114 268 
Backtracking to level 27

total-order-19.cnf
Conflict at decision level 36
Added clause: 236 128 296 332 -289 -106 -130 -55 -129 -50 -127 -2 -149 -315 -247 -223 -136 -190 -35 -249 -283 -196 -198 -292 -79 
Backtracking to level 33

total-order-2.cnf
Conflict at decision level 0
Added clause: -1 
Backtracking to level -1

total-order-3.cnf
Conflict at decision level 1
Added clause: -2 
Backtracking to level 0

total-order-4.cnf
Conflict at decision level 3
Added clause: 6 9 
Backtracking to level 2

total-order-5.cnf
Conflict at decision level 3
Added clause: 14 11 
Backtracking to level 2

total-order-6.cnf
Conflict at decision level 6
Added clause: 6 22 -8 -19 
Backtracking to level 3

total-order-7.cnf
Conflict at decision level 8
Added clause: -7 -6 
Backtracking to level 7

total-order-8.cnf
Conflict at decision level 10
Added clause: -24 -53 
Backtracking to level 9

total-order-9.cnf
Conflict at decision level 13
Added clause: 57 25 59 42 55 -2 -23 
Backtracking to level 11

total-order-alt-10.cnf
Conflict at decision level 2
Added clause: 24 
Backtracking to level 0

total-order-alt-11.cnf
Conflict at decision level 4
Added clause: 25 
Backtracking to level 0

total-order-alt-12.cnf
Conflict at decision level 4
Added clause: 25 
Backtracking to level 0

total-order-alt-13.cnf
SAT
-1 2 -3 -4 -5 -6 7 -8 9 -10 -11 -12 13 -14 15 16 17 18 19 20 21 22 23 24 25 26 27 28 29 30 31 32 33 34 35 -36 37 -38 -39 -40 -41 -42 43 -44 45 -46 -47 -48 49 -50 -51 52 -53 54 55 56 57 58 -59 -60 61 -62 -63 64 65 66 67 68 69 70 -71 -72 73 -74 -75 76 -77 -78 79 80 81 -82 -83 -84 -85 -86 -87 -88 -89 -90 -91 -92 -93 -94 -95 -96 97 -98 -99 100 -101 -102 -103 104 105 -106 -107 -108 -109 -110 -111 -112 -113 -114 -115 116 -117 -118 -119 -120 121 -122 -123 124 -125 -126 127 128 129 130 -131 -132 133 134 -135 136 137 138 139 140 141 142 143 -144 145 146 147 148 149 150 151 152 153 154 155 156 

total-order-alt-14.cnf
Conflict at decision level 30
Added clause: 23 
Backtracking to level 0

total-order-alt-15.cnf
Conflict at decision level 2
Added clause: 24 
Backtracking to level 0

total-order-alt-16.cnf
Conflict at decision level 2
Added clause: 135 
Backtracking to level 0

total-order-alt-17.cnf
Conflict at decision level 3
Added clause: 46 
Backtracking to level 0

total-order-alt-18.cnf
Conflict at decision level 3
Added clause: 23 
Backtracking to level 0

total-order-alt-19.cnf
Conflict at decision level 2
Added clause: 106 
Backtracking to level 0

total-order-alt-2.cnf
SAT
1 2 

total-order-alt-3.cnf
Conflict at decision level 2
Added clause: 6 
Backtracking to level 0

total-order-alt-4.cnf
Conflict at decision level 3
Added clause: 6 9 
Backtracking to level 2

total-order-alt-5.cnf
Conflict at decision level 3
Added clause: 14 11 
Backtracking to level 2

total-order-alt-6.cnf
Conflict at decision level 2
Added clause: 19 
Backtracking to level 0

total-order-alt-7.cnf
Conflict at decision level 2
Added clause: 24 
Backtracking to level 0

total-order-alt-8.cnf
Conflict at decision level 7
Added clause: 4 
Backtracking to level 0

total-order-alt-9.cnf
Conflict at decision level 4
Added clause: 3 
Backtracking to level 0
